============================================================================================
ANSOFT                                                                              08/08/24
Table 1                                                                             04:29:11

--------------------------------------------------------------------------------------------
      Distance [mm]          Voltage [uV]
                                         
  0.000000000000000    74.378833050810812
  0.421373173173173    74.326501135566815
  0.842746346346346    74.273993083959923
  1.264119519519519    74.221308454263749
  1.685492692692693    74.167890761780271
  2.106865865865866    74.106645863304450
  2.528239039039039    74.033629285102236
  2.949612212212212    73.950454220959514
  3.370985385385386    73.830902688135808
  3.792358558558558    73.713922217193272
  4.213731731731731    73.601539999202103
  4.635104904904906    73.493756034162161
  5.056478078078078    73.390570322073586
  5.477851251251250    73.296078293891412
  5.899224424424424    73.209580066202037
  6.320597597597597    73.120392370026281
  6.741970770770771    73.030481042614952
  7.163343943943944    72.940748271546624
  7.584717117117116    72.851194056821200
  8.006090290290290    72.761818398438848
  8.427463463463463    72.672621296399456
  8.848836636636635    72.583601952257780
  9.270209809809812    72.494786254816120
  9.691582982982982    72.406207306156816
 10.112956156156155    72.317865106279854
 10.534329329329330    72.229759655185347
 10.955702502502501    72.141890952873126
 11.377075675675675    72.054219761490501
 11.798448848848848    71.966653129160761
 12.219822022022022    71.879189330215013
 12.641195195195195    71.791828364653213
 13.062568368368369    71.704570232475263
 13.483941541541542    71.617414933681331
 13.905314714714713    71.530362468271292
 14.326687887887887    71.443412836245173
 14.748061061061060    71.356578747172478
 15.169434234234233    71.269845272117536
 15.590807407407405    71.183195047794484
 16.012180580580580    71.096630332270735
 16.433553753753753    71.010187677175438
 16.854926926926925    70.923873477991393
 17.276300100100094    70.837687734718628
 17.697673273273271    70.751630447357059
 18.119046446446447    70.665701615906727
 18.540419619619623    70.579901240367633
 18.961792792792792    70.494229320739777
 19.383165965965965    70.408685857023173
 19.804539139139141    70.323270849217792
 20.225912312312310    70.237984297323706
 20.647285485485483    70.152826201340801
 21.068658658658659    70.067796561269148
 21.490031831831832    69.982981610820104
 21.911405005005001    69.898469355446920
 22.332778178178177    69.814121371717974
 22.754151351351350    69.729937659633336
 23.175524524524523    69.645918219192879
 23.596897697697695    69.562063050396674
 24.018270870870868    69.478372153244706
 24.439644044044044    69.394845527736962
 24.861017217217213    69.311483173873427
 25.282390390390390    69.228285091654158
 25.703763563563566    69.145251281079155
 26.125136736736739    69.062381742148347
 26.546509909909908    68.979676474861819
 26.967883083083084    68.897135479219486
 27.389256256256257    68.814758755221419
 27.810629429429426    68.732546302867561
 28.232002602602602    68.650498122157927
 28.653375775775775    68.568614213092573
 29.074748948948947    68.486900152313723
 29.496122122122120    68.405467228307018
 29.917495295295293    68.324290152253042
 30.338868468468466    68.243368924151738
 30.760241641641638    68.162703544003165
 31.181614814814811    68.082294011807264
 31.602987987987987    68.002121592614955
 32.024361161161160    67.922164309743806
 32.445734334334333    67.842423720406060
 32.867107507507505    67.762899824601647
 33.288480680680671    67.683592622330679
 33.709853853853851    67.604502113593142
 34.131227027027023    67.525628298388995
 34.552600200200189    67.446985820597035
 34.973973373373369    67.368615587874572
 35.395346546546541    67.290518387061866
 35.816719719719721    67.212694218158987
 36.238092892892894    67.135121868373588
 36.659466066066067    67.057719963689436
 37.080839239239246    66.980590436610541
 37.502212412412412    66.903733287136959
 37.923585585585585    66.827148515268618
 38.344958758758764    66.750836121005577
 38.766331931931930    66.674796104347834
 39.187705105105103    66.599028465295333
 39.609078278278282    66.523533203848118
 40.030451451451448    66.448310320006229
 40.451824624624621    66.373320449145851
 40.873197797797800    66.298450793547261
 41.294570970970966    66.223787948147177
 41.715944144144146    66.149411001475499
 42.137317317317319    66.075282100924611
 42.558690490490484    66.001392438455184
 42.980063663663664    65.927742014067292
 43.401436836836837    65.854330827760890
 43.822810010010002    65.781268087555191
 44.244183183183182    65.708565857843752
 44.665556356356355    65.635690008289757
 45.086929529529520    65.563415575597688
 45.508302702702700    65.491074394730120
 45.929675875875873    65.418666465687082
 46.351049049049045    65.346191788468616
 46.772422222222218    65.273650363074651
 47.193795395395391    65.200250220584081
 47.615168568568564    65.122834047200584
 48.036541741741736    65.043530830089011
 48.457914914914909    64.962340569249434
 48.879288088088089    64.879263264681725
 49.300661261261254    64.787474572792732
 49.722034434434427    64.690347887064760
 50.143407607607607    64.637950268621381
 50.564780780780779    64.588344944408703
 50.986153953953952    64.541531914426784
 51.407527127127132    64.497511178675623
 51.828900300300297    64.456282737155249
 52.250273473473477    64.417846589865590
 52.671646646646650    64.390757140397611
 53.093019819819816    64.428478821151600
 53.514392992992995    64.467124902873323
 53.935766166166168    64.506662250632672
 54.357139339339334    64.548267106419132
 54.778512512512513    64.598202344286051
 55.199885685685686    64.654191713313580
 55.621258858858852    64.715759426599973
 56.042632032032031    64.804593261907598
 56.464005205205204    64.892123257023314
 56.885378378378377    64.979773119888833
 57.306751551551550    65.066015304045479
 57.728124724724722    65.146249324621536
 58.149497897897895    65.220475181617076
 58.570871071071068    65.289325439996205
 58.992244244244240    65.361826735757901
 59.413617417417413    65.434381617060282
 59.834990590590586    65.506990083903375
 60.256363763763758    65.579652136287152
 60.677736936936931    65.652254749923841
 61.099110110110104    65.724819775806665
 61.520483283283276    65.797591696086968
 61.941856456456449    65.870570510764608
 62.363229629629622    65.943756219839798
 62.784602802802802    66.017148823312340
 63.205975975975974    66.090834807669168
 63.627349149149147    66.164763165630319
 64.048722322322320    66.238903989289241
 64.470095495495485    66.313257278645793
 64.891468668668665    66.387830284114912
 65.312841841841845    66.462718037214813
 65.734215015015010    66.537939897618585
 66.155588188188190    66.613495865326257
 66.576961361361342    66.689244956298126
 66.998334534534536    66.765231463067011
 67.419707707707701    66.841465540072221
 67.841080880880881    66.917947187313857
 68.262454054054047    66.994676404791875
 68.683827227227226    67.071672254735475
 69.105200400400378    67.148927009735317
 69.526573573573572    67.226440541954830
 69.947946746746737    67.304212851393984
 70.369319919919917    67.382243938052824
 70.790693093093083    67.460533801931319
 71.212066266266262    67.539082443029443
 71.633439439439442    67.617889861347322
 72.054812612612608    67.696987483507385
 72.476185785785788    67.776423390130660
 72.897558958958953    67.856050556964249
 73.318932132132133    67.935868984008181
 73.740305305305299    68.015878671262527
 74.161678478478493    68.096079618727160
 74.583051651651644    68.176471826402150
 75.004424824824824    68.257055294287511
 75.425797997997989    68.337830022383145
 75.847171171171169    68.418796010689164
 76.268544344344349    68.499953259205540
 76.689917517517529    68.581301767932231
 77.111290690690680    68.662841536869280
 77.532663863863860    68.744572566016700
 77.954037037037025    68.826494855374420
 78.375410210210205    68.908608404942484
 78.796783383383385    68.990913214720919
 79.218156556556565    69.073409284709697
 79.639529729729716    69.156096614908833
 80.060902902902896    69.238975205318283
 80.482276076076062    69.322045055938077
 80.903649249249241    69.405306166768213
 81.325022422422421    69.488741154889837
 81.746395595595601    69.572237421128420
 82.167768768768752    69.655921302944378
 82.589141941941932    69.739792800337767
 83.010515115115098    69.823851913308587
 83.431888288288292    69.908017318343184
 83.853261461461457    69.991995636402379
 84.274634634634637    70.075996274525480
 84.696007807807803    70.160612631479395
 85.117380980980968    70.245889459001319
 85.538754154154134    70.331229324323601
 85.960127327327328    70.416632227446357
 86.381500500500493    70.502098168369415
 86.802873673673673    70.587272819774199
 87.224246846846853    70.672339151122756
 87.645620020020004    70.757527732615046
 88.066993193193198    70.842838564251011
 88.488366366366364    70.928271646030765
 88.909739539539544    71.013826977954281
 89.331112712712709    71.099504560021444
 89.752485885885889    71.185304392232368
 90.173859059059041    71.271226474587024
 90.595232232232235    71.357270807085470
 91.016605405405400    71.443437389727620
 91.437978578578580    71.529726222513546
 91.859351751751745    71.616137305443175
 92.280724924924925    71.702670638516523
 92.702098098098091    71.789326221733603
 93.123471271271271    71.876104055094416
 93.544844444444436    71.963004138599047
 93.966217617617616    72.050026472247367
 94.387590790790782    72.137171056039335
 94.808963963963961    72.224437889975178
 95.230337137137127    72.311811379917174
 95.651710310310307    72.398821816645054
 96.073083483483472    72.485814305177882
 96.494456656656652    72.572788845515745
 96.915829829829818    72.659745437658614
 97.337203003003012    72.746684081606517
 97.758576176176177    72.833604777359426
 98.179949349349343    72.920507524917326
 98.601322522522509    73.007392324280275
 99.022695695695688    73.094259175448158
 99.444068868868854    73.181108078421119
 99.865442042042048    73.267939033199070
100.286815215215213    73.354667529309964
100.708188388388379    73.441244337306770
101.129561561561559    73.527852007808548
101.550934734734724    73.614490540815197
101.972307907907904    73.701159936326675
102.393681081081084    73.787860194343182
102.815054254254264    73.874591314864546
103.236427427427415    73.961353297890824
103.657800600600595    74.048146143422059
104.079173773773761    74.134969851458152
104.500546946946955    74.221824421999159
104.921920120120120    74.308709855045066
105.343293293293300    74.412012480154800
105.764666466466451    74.564560922108996
106.186039639639631    74.717229771628737
106.607412812812797    74.870019028713997
107.028785985985991    75.022928693364719
107.450159159159156    75.175958765580944
107.871532332332336    75.329109245362645
108.292905505505487    75.482257300818432
108.714278678678667    75.635113497058356
109.135651851851847    75.787983733163102
109.557025025025027    75.940868009132515
109.978398198198192    76.093766324966666
110.399771371371372    76.246678680665539
110.821144544544524    76.399605076229193
111.242517717717703    76.552545511657613
111.663890890890883    76.705499986950755
112.085264064064063    76.858468502108565
112.506637237237229    77.011451057131197
112.928010410410408    77.164447652018495
113.349383583583574    77.317458286770531
113.770756756756754    77.471001504912337
114.192129929929919    77.625417829536701
114.613503103103099    77.779926802112243
115.034876276276265    77.934528422639048
115.456249449449444    78.089222691117058
115.877622622622624    78.244009607546246
116.298995795795790    78.398889171926641
116.720368968968970    78.553861384258369
117.141742142142135    78.708926244541175
117.563115315315315    78.864083752775272
117.984488488488481    79.019333908960562
118.405861661661660    79.174676713097085
118.827234834834826    79.330112165184815
119.248608008008006    79.485640265223722
119.669981181181171    79.641261013213892
120.091354354354351    79.796974409155268
120.512727527527517    79.952780453047893
120.934100700700711    80.108852516529410
121.355473873873862    80.265183936895141
121.776847047047042    80.421692578522553
122.198220220220207    80.578378441411715
122.619593393393387    80.735241525562557
123.040966566566553    80.892281830975151
123.462339739739747    81.049499357649466
123.883712912912898    81.206894105585420
124.305086086086078    81.364466074783152
124.726459259259244    81.522215265242608
125.147832432432409    81.678873426494036
125.569205605605603    81.835816785143578
125.990578778778783    81.993119523096979
126.411951951951949    82.150781640354182
126.833325125125128    82.308803136915131
127.254698298298294    82.467184012779896
127.676071471471474    82.626120137444488
128.097444644644639    82.785962675999812
128.518817817817819    82.945846416795661
128.940190990990970    83.105771359832005
129.361564164164150    83.265737505108902
129.782937337337330    83.425744852626252
130.204310510510510    83.585793402384198
130.625683683683690    83.745883154382582
131.047056856856841    83.906014108621562
131.468430030030021    84.066186265100967
131.889803203203201    84.226399623820924
132.311176376376380    84.386654184781420
132.732549549549560    84.546949947982398
133.153922722722683    84.707286913423914
133.575295895895891    84.867665081105940
133.996669069069071    85.028084451028491
134.418042242242251    85.188545023191537
134.839415415415402    85.349046797595065
135.260788588588582    85.509589774239188
135.682161761761762    85.670173953123751
136.103534934934942    85.830799334248837
136.524908108108093    85.991465917614534
136.946281281281273    86.152173703220683
137.367654454454453    86.312922691067300
137.789027627627632    86.473712881154469
138.210400800800755    86.634544273482149
138.631773973973964    86.795416868050395
139.053147147147143    86.956330664859095
139.474520320320323    87.117285663908334
139.895893493493475    87.278281865198082
140.317266666666654    87.439319268728326
140.738639839839834    87.600397874499123
141.160013013013014    87.761517682510416
141.581386186186165    87.922678692762219
142.002759359359345    88.083880905254517
142.424132532532525    88.245124319987340
142.845505705705705    88.406408936960716
143.266878878878885    88.567748361579802
143.688252052052036    88.729330494233253
144.109625225225216    88.890805963658451
144.530998398398395    89.050969222146307
144.952371571571575    89.211432045039629
145.373744744744727    89.371734387019288
145.795117917917906    89.531876248085311
146.216491091091086    89.691857628237699
146.637864264264266    89.851678527476508
147.059237437437417    90.011338945801697
147.480610610610597    90.170838883213179
147.901983783783777    90.330178339711082
148.323356956956985    90.489357315295365
148.744730130130108    90.648375809966012
149.166103303303288    90.807233823723010
149.587476476476468    90.965931356566458
150.008849649649648    91.124468408496199
150.430222822822827    91.282844979512333
150.851595995995979    91.441061069614875
151.272969169169158    91.599116678803725
151.694342342342338    91.757011807078996
152.115715515515490    91.914746454440618
152.537088688688698    92.072320620888576
152.958461861861849    92.229734306422998
153.379835035035057    92.386987511043770
153.801208208208180    92.544080234750822
154.222581381381360    92.701012477544324
154.643954554554540    92.857784239424205
155.065327727727720    93.014395520390408
155.486700900900900    93.170846320443076
155.908074074074051    93.327136639582065
156.329447247247259    93.483266477807419
156.750820420420411    93.639235835119138
157.172193593593562    93.794701276602069
157.593566766766770    93.949682072689370
158.014939939939921    94.104296871720777
158.436313113113130    94.258767806374919
158.857686286286281    94.413415666386513
159.279059459459432    94.568240451755500
159.700432632632641    94.723242162481895
160.121805805805792    94.878800974380638
160.543178978979000    95.035290226362392
160.964552152152123    95.191986566846595
161.385925325325331    95.348889995833403
161.807298498498483    95.506000513322661
162.228671671671663    95.663318119314368
162.650044844844842    95.820842813808596
163.071418018017994    95.978574596805345
163.492791191191202    96.136513468304571
163.914164364364353    96.294659428306389
164.335537537537505    96.453012476810557
164.756910710710713    96.611572613817330
165.178283883883864    96.770339839326539
165.599657057057073    96.929314153338296
166.021030230230195    97.088495555852518
166.442403403403404    97.247884046869288
166.863776576576583    97.407479626388522
167.285149749749735    97.567282294410276
167.706522922922915    97.727292050934508
168.127896096096066    97.886692064621414
168.549269269269274    98.046140198590336
168.970642442442454    98.205691616766771
169.392015615615605    98.365346319150490
169.813388788788785    98.525104305741706
170.234761961961937    98.684965576540236
170.656135135135145    98.844930131546292
171.077508308308268    99.004997970759661
171.498881481481476    99.166330708098045
171.920254654654656    99.327671047281640
172.341627827827807    99.489001303843622
172.763001001000987    99.650321477784217
173.184374174174138    99.811631569103255
173.605747347347346    99.972931577800765
174.027120520520526   100.134221503876830
174.448493693693706   100.295501347331353
174.869866866866857   100.456771108164446
175.291240040040009   100.618030786376011
175.712613213213217   100.779280381966061
176.133986386386397   100.940519894934567
176.555359559559548   101.101749325281659
176.976732732732728   101.262968673007222
177.398105905905879   101.424177938111299
177.819479079079088   101.585377120593833
178.240852252252239   101.746566220454881
178.662225425425419   101.907745237694442
179.083598598598599   102.068914172312532
179.504971771771778   102.230073024309135
179.926344944944930   102.391221793684181
180.347718118118081   102.552360480437756
180.769091291291289   102.713489084569829
181.190464464464469   102.874607606080431
181.611837637637620   103.035107547777940
182.033210810810800   103.195540169013512
182.454583983983952   103.355958746784196
182.875957157157160   103.516363281089880
183.297330330330311   103.676753771930692
183.718703503503491   103.837410272682860
184.140076676676671   103.997957253488124
184.561449849849851   104.158362869391709
184.982823023023002   104.318627120393629
185.404196196196182   104.478750006493897
185.825569369369362   104.638731527692414
186.246942542542541   104.798571683989351
186.668315715715693   104.958270475384495
187.089688888888872   105.117827901877973
187.511062062062052   105.277243963469829
187.932435235235232   105.436518660159891
188.353808408408412   105.595651991948429
188.775181581581563   105.754643958835175
189.196554754754743   105.913494560820226
189.617927927927923   106.072203797903640
190.039301101101103   106.230771670085375
190.460674274274254   106.389198177365458
190.882047447447434   106.547483319743804
191.303420620620614   106.705627097220471
191.724793793793793   106.863629509795473
192.146166966966945   107.021490557468752
192.567540140140153   107.179210240240423
192.988913313313304   107.336788558110385
193.410286486486484   107.494335490988178
193.831659659659636   107.651762556294671
194.253032832832815   107.809099603951168
194.674406006006024   107.966348337901550
195.095779179179175   108.123508758145590
195.517152352352355   108.280580864683486
195.938525525525506   108.437564657515139
196.359898698698686   108.594460136640478
196.781271871871866   108.751267302059617
197.202645045045017   108.907986153772555
197.624018218218225   109.064616691779236
198.045391391391377   109.221158916079659
198.466764564564556   109.377612826673868
198.888137737737708   109.533978423561891
199.309510910910888   109.690255706743571
199.730884084084096   109.846444676219079
200.152257257257247   110.002693331989860
200.573630430430427   110.159381344539014
200.995003603603578   110.315722845289926
201.416376776776758   110.472291180774178
201.837749949949966   110.629154055071794
202.259123123123118   110.786311468182660
202.680496296296297   110.943763420106819
203.101869469469449   111.101509910844371
203.523242642642629   111.259550940395073
203.944615815815808   111.417886508759167
204.365988988988960   111.577286890260623
204.787362162162168   111.737525634269602
205.208735335335319   111.893427792553183
205.630108508508528   112.061054019765436
206.051481681681651   112.243641683553932
206.472854854854830   112.441190783918728
206.894228028028039   112.652357972857942
207.315601201201190   112.872797039836925
207.736974374374370   113.044439064807278
208.158347547547521   113.165398677362745
208.579720720720701   113.277318841917776
209.001093893893909   113.380144626175124
209.422467067067032   113.475234012575385
209.843840240240240   113.567188130091040
210.265213413413392   113.657721670387417
210.686586586586600   113.728047131613920
211.107959759759751   113.779293382002351
211.529332932932903   113.827783061036172
211.950706106106111   113.881899190479132
212.372079279279262   113.942730144888628
212.793452452452442   114.010275924264477
213.214825625625593   114.084536528606819
213.636198798798802   114.196009072802241
214.057571971971981   114.323821568218776
214.478945145145104   114.431983507525416
214.900318318318313   114.536162577345252
215.321691491491464   114.635492531324971
215.743064664664672   114.729468674771013
216.164437837837824   114.822357997558186
216.585811011010975   114.914160499686247
217.007184184184183   115.004876181155382
217.428557357357334   115.094514999754054
217.849930530530543   115.183990442026001
218.271303703703694   115.273555495317112
218.692676876876874   115.362995254312239
219.114050050050054   115.452022561031981
219.535423223223205   115.540786842495109
219.956796396396385   115.629288098701551
220.378169569569536   115.717526329651406
220.799542742742744   115.805501535344604
221.220915915915924   115.893320902334594
221.642289089089047   115.981069954816178
222.063662262262255   116.068720484759424
222.485035435435407   116.156272492164305
222.906408608608615   116.243725977030792
223.327781781781766   116.331080939359012
223.749154954954946   116.418337379148838
224.170528128128126   116.505495296400312
224.591901301301277   116.592547519248782
225.013274474474457   116.679407607855126
225.434647647647637   116.766176758941981
225.856020820820817   116.852854972509377
226.277393993993996   116.939442248557313
226.698767167167148   117.025887374641854
227.120140340340328   117.112196720442910
227.541513513513507   117.198383993754447
227.962886686686687   117.284449194576453
228.384259859859839   117.370392322909012
228.805633033033018   117.456213378752011
229.227006206206198   117.541912362105421
229.648379379379350   117.627489272969328
230.069752552552529   117.712944111343731
230.491125725725709   117.798276877228517
230.912498898898889   117.883487570623899
231.333872072072069   117.968576191529721
231.755245245245248   118.053492568618267
232.176618418418400   118.138160226381615
232.597991591591580   118.222606632475987
233.019364764764759   118.306831786901128
233.440737937937939   118.390835689657251
233.862111111111091   118.474618340744243
234.283484284284270   118.558179740162046
234.704857457457450   118.641519887910789
235.126230630630630   118.725063711295135
235.547603803803781   118.808528897004436
235.968976976976961   118.891789453220994
236.390350150150141   118.974845379944639
236.811723323323321   119.057696677175400
237.233096496496472   119.140343344913319
237.654469669669652   119.222785383158396
238.075842842842832   119.305022791910687
238.497216016016012   119.387055571170023
238.918589189189163   119.468883720936589
239.339962362362343   119.550507241210340
239.761335535535551   119.631926131991136
240.182708708708702   119.713140393279232
240.604081881881854   119.794150025074401
241.025455055055033   119.874955027376728
241.446828228228213   119.955555400186142
241.868201401401421   120.035951143502771
242.289574574574544   120.116142257326572
242.710947747747724   120.196128741657489
243.132320920920904   120.275688145580432
243.553694094094084   120.355043698089503
243.975067267267264   120.434272111645171
244.396440440440415   120.513243882971182
244.817813613613623   120.591959012067505
245.239186786786775   120.670417498934100
245.660559959959954   120.748598834117047
246.081933133133106   120.826511374917999
246.503306306306285   120.904173476650513
246.924679479479494   120.981585139314348
247.346052652652645   121.058746362909645
247.767425825825796   121.135657147436518
248.188798998998976   121.212317492894726
248.610172172172156   121.288727399284497
249.031545345345364   121.364886866605630
249.452918518518487   121.440795894858354
249.874291691691695   121.516454484042313
250.295664864864818   121.591815196642301
250.717038038038027   121.667082172144390
251.138411211211206   121.742212358409418
251.559784384384358   121.816968883073372
251.981157557557566   121.891272247175465
252.402530730730717   121.965231726792709
252.823903903903897   122.038964541750545
253.245277077077048   122.112470692048916
253.666650250250257   122.185750177687737
254.088023423423408   122.258802998667250
254.509396596596588   122.331629154987198
254.930769769769739   122.404228646647624
255.352142942942947   122.476601473648699
255.773516116116099   122.548747635990196
256.194889289289279   122.620667133672356
256.616262462462430   122.691797698739123
257.037635635635638   122.764987325392624
257.459008808808846   122.840501612818144
257.880381981981941   122.918340561015640
258.301755155155149   122.998504169985011
258.723128328328301   123.080992439726430
259.144501501501452   123.165805370239795
259.565874674674660   123.249974812243948
259.987247847847811   123.325470267614250
260.408621021021020   123.402504751248202
260.829994194194171   123.469332787697496
261.251367367367379   123.522507896678889
261.672740540540588   123.562310480913254
262.094113713713682   123.602770254048210
262.515486886886833   123.641336722707436
262.936860060060042   123.678627191438665
263.358233233233193   123.674009477447314
263.779606406406401   123.645214969079333
264.200979579579553   123.606617079128810
264.622352752752761   123.561099657961606
265.043725925925912   123.511193215860857
265.465099099099120   123.456144224992372
265.886472272272272   123.395911355975201
266.307845445445366   123.306386477205066
266.729218618618575   123.207950811418470
267.150591791791783   123.129658784704262
267.571964964964991   123.052103675684293
267.993338138138142   122.975285484358622
268.414711311311294   122.899204210727177
268.836084484484502   122.823859854789987
269.257457657657596   122.749252416547179
269.678830830830805   122.677143333213479
270.100204004004013   122.605255248675192
270.521577177177164   122.533129989610856
270.942950350350316   122.460767556020528
271.364323523523524   122.388167947904179
271.785696696696732   122.315026250354691
272.207069869869883   122.241903295406729
272.628443043042978   122.168826252566532
273.049816216216186   122.095795121834016
273.471189389389394   122.022809903209264
273.892562562562546   121.948998080306339
274.313935735735697   121.874893864579505
274.735308908908905   121.800526097215624
275.156682082082057   121.725894778214624
275.578055255255265   121.650999907576562
275.999428428428473   121.575841485301410
276.420801601601511   121.500419511389183
276.842174774774719   121.424733985839964
277.263547947947927   121.348784908653570
277.684921121121135   121.272593480852649
278.106294294294287   121.196148370252942
278.527667467467438   121.119447529456949
278.949040640640646   121.042509629431322
279.370413813813798   120.965335858156507
279.791786986986949   120.887926215632561
280.213160160160157   120.810280701859497
280.634533333333309   120.732393749248871
281.055906506506460   120.654256671837956
281.477279679679668   120.575875977436283
281.898652852852877   120.497251666043752
282.320026026026028   120.418383737660392
282.741399199199179   120.339272192286302
283.162772372372331   120.259917029921326
283.584145545545539   120.180342771939166
284.005518718718690   120.100622406491169
284.426891891891898   120.020692106214369
284.848265065065050   119.940533391150822
285.269638238238201   119.860150830084251
285.691011411411409   119.779544423014656
286.112384584584618   119.698714169941937
286.533757757757769   119.617660070866179
286.955130930930864   119.536382125787398
287.376504104104072   119.454880334705507
287.797877277277280   119.373154697620578
288.219250450450431   119.291205214532567
288.640623623623640   119.209031885441505
289.061996796796791   119.126634710347304
289.483369969969942   119.044013689250093
289.904743143143151   118.961168822149901
290.326116316316302   118.878100109046557
290.747489489489453   118.794807549940145
291.168862662662605   118.711291144830682
291.590235835835813   118.627372782423762
292.011609009009021   118.543328069916484
292.432982182182172   118.459218690604075
292.854355355355324   118.375044644486607
293.275728528528532   118.290805931564009
293.697101701701683   118.206502551836309
294.118474874874835   118.122134505303478
294.539848048048043   118.037701791965617
294.961221221221194   117.953204411822625
295.382594394394346   117.868642364874532
295.803967567567554   117.784015651121379
296.225340740740762   117.699324270563054
296.646713913913970   117.614320708601284
297.068087087087008   117.529197758472890
297.489460260260216   117.443968749552184
297.910833433433424   117.358633681839265
298.332206606606576   117.273192555334191
298.753579779779784   117.187645370036876
299.174952952952935   117.101992125947476
299.596326126126144   117.016232823065806
300.017699299299295   116.930367461391995
300.439072472472446   116.844396040926028
300.860445645645655   116.758318561667735
301.281818818818749   116.672135023617344
301.703191991991957   116.585845426774824
302.124565165165166   116.499449771139965
302.545938338338317   116.412948056713063
302.967311511511525   116.326340283493877
303.388684684684677   116.239626451482550
303.810057857857828   116.152806560678954
304.231431031030979   116.065880611083230
304.652804204204187   115.978848602695308
305.074177377377396   115.891710535515159
305.495550550550490   115.804466409542883
305.916923723723698   115.717116224778380
306.338296896896907   115.629943889040874
306.759670070070115   115.543038737337170
307.181043243243209   115.456121697101196
307.602416416416361   115.369192768333050
308.023789589589569   115.282251951032691
308.445162762762720   115.195299245200076
308.866535935935929   115.108334650835317
309.287909109109080   115.021358167938303
309.709282282282288   114.934369796509088
310.130655455455440   114.846856050329748
310.552028628628648   114.759233195921865
310.973401801801799   114.671726461236688
311.394774974974894   114.584335846274229
311.816148148148102   114.497061351034517
312.237521321321310   114.409902975517497
312.658894494494518   114.322860719723153
313.080267667667670   114.235934583651570
313.501640840840821   114.149124567302678
313.923014014014029   114.062430670676548
314.344387187187124   113.975852893773080
314.765760360360332   113.889391236592317
315.187133533533540   113.803045699134259
315.608506706706635   113.716816281398948
316.029879879879843   113.581423386775285
316.451253053053051   113.429638328199857
316.872626226226259   113.278111222332100
317.293999399399411   113.126515467816105
317.715372572572562   112.974770469800163
318.136745745745714   112.822876228284315
318.558118918918865   112.670832743268406
318.979492092092073   112.518640014752691
319.400865265265281   112.366298042736986
319.822238438438433   112.213806827221291
320.243611611611584   112.061166368205704
320.664984784784792   111.908376665690113
321.086357957958000   111.755437719674674
321.507731131131095   111.602349530159273
321.929104304304246   111.449112097143924
322.350477477477455   111.295725420628685
322.771850650650663   111.142189500613398
323.193223823823814   110.988504337098220
323.614596996996966   110.834669930083109
324.035970170170174   110.680686279568022
324.457343343343325   110.526553385553015
324.878716516516477   110.372271248038075
325.300089689689685   110.217839867023201
325.721462862862779   110.063259242508366
326.142836036035987   109.908529374493583
326.564209209209196   109.753650262978923
326.985582382382404   109.598621907964258
327.406955555555555   109.443444309449674
327.828328728728707   109.288117467435129
328.249701901901858   109.132641381920678
328.671075075075009   108.977016052906279
329.092448248248218   108.821241480391919
329.513821421421426   108.665782458713466
329.935194594594577   108.510296762849919
330.356567767767729   108.354750851633852
330.777940940940937   108.199086472186522
331.199314114114145   108.042793083608686
331.620687287287240   107.886361904979040
332.042060460460391   107.729792936297542
332.463433633633599   107.573086177564292
332.884806806806807   107.416241628779190
333.306179979979959   107.259259289942321
333.727553153153167   107.102139161053685
334.148926326326318   106.944881242113141
334.570299499499470   106.787485533120915
334.991672672672678   106.629952034076851
335.413045845845829   106.472280744981035
335.834419019019037   106.314471665833395
336.255792192192132   106.156524796633960
336.677165365365340   105.998440137382730
337.098538538538548   105.840217688079704
337.519911711711700   105.681857448724926
337.941284884884908   105.523359419318282
338.362658058058059   105.364723599859872
338.784031231231211   105.205949990349680
339.205404404404362   105.047038590787679
339.626777577577570   104.887989401173868
340.048150750750779   104.728802421508334
340.469523923923873   104.569477651790919
340.890897097097081   104.410015092021723
341.312270270270290   104.250414742200789
341.733643443443441   104.090676602328017
342.155016616616535   103.930800672403379
342.576389789789744   103.770786952427088
342.997762962962952   103.610635442398973
343.419136136136103   103.450346142318949
343.840509309309311   103.289919052187201
344.261882482482463   103.129354172003630
344.683255655655614   102.969271390528988
345.104628828828822   102.807933897650159
345.526002002001974   102.646640443127922
345.947375175175182   102.485391026962247
346.368748348348277   102.324185649153250
346.790121521521485   102.163024309700774
347.211494694694693   102.001907525906958
347.632867867867844   101.840895491321817
348.054241041041053   101.679914755042091
348.475614214214204   101.518965317067838
348.896987387387412   101.358047177398916
349.318360560560507   101.197160336035466
349.739733733733715   101.036304792977333
350.161106906906923   100.875480548224616
350.582480080080018   100.714687601777328
351.003853253253226   100.553925953635471
351.425226426426434   100.393195603798929
351.846599599599642   100.232496552267833
352.267972772772794   100.071828799042194
352.689345945945888    99.911192344121901
353.110719119119096    99.750587187507023
353.532092292292248    99.590013329197546
353.953465465465456    99.429470769193486
354.374838638638664    99.268959507494756
354.796211811811759    99.108479544101527
355.217584984984967    98.948030879013658
355.638958158158175    98.787613512231133
356.060331331331327    98.627227443754094
356.481704504504478    98.466872673582429
356.903077677677629    98.306549201716180
357.324450850850837    98.146257028155290
357.745824024023989    97.985996152899830
358.167197197197197    97.825766575949743
358.588570370370348    97.665568297305086
359.009943543543557    97.506040489579235
359.431316716716651    97.347762174129727
359.852689889889859    97.188263032034456
360.274063063063068    97.028676475222994
360.695436236236162    96.869356149962869
361.116809409409370    96.710302056254264
361.538182582582579    96.551514194097138
361.959555755755787    96.392992563491418
362.380928928928938    96.234737164437206
362.802302102102090    96.076747996934429
363.223675275275241    95.919157990485530
363.645048448448392    95.761940021931665
364.066421621621600    95.604953071396764
364.487794794794809    95.448197138880772
364.909167967967903    95.291672224383774
365.330541141141111    95.135378327905798
365.751914314314320    94.979315449446702
366.173287487487528    94.823483589006656
366.594660660660622    94.667882746585533
367.016033833833774    94.512512922183419
367.437407007006982    94.357374115800241
367.858780180180133    94.202466327436014
368.280153353353342    94.047789557090766
368.701526526526550    93.893391586362938
369.122899699699701    93.738825527448242
369.544272872872853    93.584057492260939
369.965646046046004    93.429087480800860
370.387019219219212    93.273714674801255
370.808392392392363    93.117966632934298
371.229765565565515    92.961857719851608
371.651138738738723    92.805387935553171
372.072511911911931    92.648557280038844
372.493885085085083    92.491365753308841
372.915258258258291    92.333813355363077
373.336631431431385    92.175900086201480
373.758004604604537    92.017625945824022
374.179377777777745    91.858990934230832
374.600750950950953    91.699995051421894
375.022124124124105    91.540638297397180
375.443497297297256    91.382198522423494
375.864870470470464    91.223932385828661
376.286243643643672    91.065511850466493
376.707616816816824    90.906936916337074
377.128989989989918    90.748207583440347
377.550363163163127    90.589323851776300
377.971736336336278    90.430285721344930
378.393109509509486    90.271093192146282
378.814482682682694    90.111746264180354
379.235855855855846    89.952244937447119
379.657229029028997    89.792222972508981
380.078602202202205    89.632084493103022
380.499975375375357    89.471870213899322
380.921348548548508    89.311580134897895
381.342721721721659    89.151214256098726
381.764094894894868    88.990772577501801
382.185468068068076    88.830255099107177
382.606841241241227    88.669661820914754
383.028214414414435    88.508992742924619
383.449587587587587    88.348247865136756
383.870960760760681    88.187427187551137
384.292333933933890    88.026530710167762
384.713707107107098    87.865558432986631
385.135080280280306    87.704510356007845
385.556453453453400    87.543386479231188
385.977826626626609    87.382186802656889
386.399199799799817    87.220911326284835
386.820572972972968    87.059560050115039
387.241946146146120    86.898206125210692
387.663319319319271    86.736887927024640
388.084692492492479    86.575600763033691
388.506065665665631    86.414344633237931
388.927438838838839    86.253119537637303
389.348812012012047    86.091925476231921
389.770185185185142    85.930762449021657
390.191558358358350    85.769630456006610
390.612931531531501    85.608529497186680
391.034304704704709    85.447459572561897
391.455677877877804    85.286440713475059
391.877051051051012    85.125535384073430
392.298424224224220    84.964728113053610
392.719797397397372    84.804018900415457
393.141170570570580    84.643407746159085
393.562543743743731    84.482894650284464
393.983916916916883    84.322479612791639
394.405290090090034    84.162162633680495
394.826663263263242    84.001943712951103
395.248036436436450    83.841822850603535
395.669409609609545    83.681800046637633
396.090782782782753    83.521875301053498
396.512155955955961    83.362048613851144
396.933529129129113    83.202319985030542
397.354902302302321    83.042689414591592
397.776275475475416    82.883519274398736
398.197648648648624    82.724608635209108
398.619021821821775    82.565729578592553
399.040394994994983    82.406431482068101
399.461768168168192    82.247285627210303
399.883141341341286    82.088292014019160
400.304514514514494    81.929450642494643
400.725887687687703    81.770771026104910
401.147260860860854    81.612329196433535
401.568634034034005    81.454019760759010
401.990007207207157    81.295842719081335
402.411380380380365    81.137798071400553
402.832753553553516    80.979885817716607
403.254126726726724    80.822105958029468
403.675499899899933    80.664458492339193
404.096873073073027    80.506943420645783
404.518246246246235    80.349560742949265
404.939619419419387    80.192377526724044
405.360992592592595    80.035333982515183
405.782365765765746    79.878346665522898
406.203738938938898    79.721415575747386
406.625112112112106    79.564540713188492
407.046485285285257    79.407722077846273
407.467858458458466    79.250959669720615
407.889231631631617    79.094253488811617
408.310604804804768    78.937603535119280
408.731977977977920    78.781009808643674
409.153351151151128    78.624472309384586
409.574724324324336    78.467988332048975
409.996097497497431    78.311564397085519
410.417470670670639    78.155257554046358
410.838843843843847    77.999138525210526
411.260217017017055    77.842867509483526
411.681590190190150    77.686286258338669
412.102963363363301    77.529355155441920
412.524336536536509    77.372215252381039
412.945709709709661    77.214903358765582
413.367082882882869    77.057419474595775
413.788456056056077    76.899763599871477
414.209829229229229    76.741935734592687
414.631202402402380    76.584087638832457
415.052575575575531    76.424233491300043
415.473948748748739    76.261214840584714
415.895321921921891    76.095031686686411
416.316695095095042    75.925718467041676
416.738068268268250    75.752024416813114
417.159441441441402    75.556528645270248
417.580814614614610    75.340594599669359
418.002187787787818    75.111026772966071
418.423560960960913    74.976268885217621
418.844934134134064    74.851793321494270
419.266307307307272    74.737600081795875
419.687680480480481    74.633689166122565
420.109053653653632    74.540060574474182
420.530426826826783    74.456717489122781
420.951799999999992    74.378832387932704
