============================================================================================
ANSOFT                                                                              08/08/24
Table 1                                                                             04:28:53

--------------------------------------------------------------------------------------------
      Distance [mm]          Voltage [uV]
                                         
  0.000000000000000    73.843861247485094
  0.421373173173173    73.757584200901533
  0.842746346346346    73.671157768623829
  1.264119519519519    73.584581950652208
  1.685492692692693    73.497856746986471
  2.106865865865866    73.410982157626762
  2.528239039039039    73.323958182572937
  2.949612212212212    73.236784821825140
  3.370985385385386    73.149462075383283
  3.792358558558558    73.061989943247397
  4.213731731731731    72.974368425417467
  4.635104904904906    72.886597521893520
  5.056478078078078    72.798677232675558
  5.477851251251250    72.710607557763510
  5.899224424424424    72.622539042952681
  6.320597597597597    72.534824033404476
  6.741970770770771    72.447331888387538
  7.163343943943944    72.360062607902023
  7.584717117117116    72.273016191947775
  8.006090290290290    72.186192640524922
  8.427463463463463    72.099591953633364
  8.848836636636635    72.013214131273173
  9.270209809809812    71.927059173444263
  9.691582982982982    71.841127080146762
 10.112956156156155    71.755417851380571
 10.534329329329330    71.669931487145746
 10.955702502502501    71.584667987442188
 11.377075675675675    71.499627352270011
 11.798448848848848    71.414809581629143
 12.219822022022022    71.327371143891128
 12.641195195195195    71.240062283160967
 13.062568368368369    71.152982871046405
 13.483941541541542    71.066132907547683
 13.905314714714713    70.979512392664603
 14.326687887887887    70.893121326397264
 14.748061061061060    70.806959708745637
 15.169434234234233    70.721027539709738
 15.590807407407405    70.635324819289565
 16.012180580580580    70.549851547485062
 16.433553753753753    70.464607724296314
 16.854926926926925    70.379593349723294
 17.276300100100094    70.294808423765986
 17.697673273273271    70.210252946424376
 18.119046446446447    70.125926917698507
 18.540419619619623    70.041830337588323
 18.961792792792792    69.957963206093908
 19.383165965965965    69.874325523215148
 19.804539139139141    69.790917288952159
 20.225912312312310    69.707738503304867
 20.647285485485483    69.625047013019440
 21.068658658658659    69.542389564049614
 21.490031831831832    69.459728707190180
 21.911405005005001    69.377064442441153
 22.332778178178177    69.294396769802646
 22.754151351351350    69.211725689274559
 23.175524524524523    69.129051200856864
 23.596897697697695    69.046373304549704
 24.018270870870868    68.963692000352864
 24.439644044044044    68.881007288266545
 24.861017217217213    68.798319168290647
 25.282390390390390    68.715627640425154
 25.703763563563566    68.632932704670154
 26.125136736736739    68.550234361025545
 26.546509909909908    68.467532609491428
 26.967883083083084    68.384827450067675
 27.389256256256257    68.302118882754428
 27.810629429429426    68.219406907551587
 28.232002602602602    68.136691524459181
 28.653375775775775    68.053972733477210
 29.074748948948947    67.971250534605716
 29.496122122122120    67.888524927844614
 29.917495295295293    67.805795913193961
 30.338868468468466    67.723063490653800
 30.760241641641638    67.640327660224060
 31.181614814814811    67.557588421904711
 31.602987987987987    67.474845775695812
 32.024361161161160    67.392099721597361
 32.445734334334333    67.309350259609388
 32.867107507507505    67.227265608248715
 33.288480680680671    67.148133013693027
 33.709853853853851    67.069315112311230
 34.131227027027023    66.990811904103282
 34.552600200200189    66.912623389069125
 34.973973373373369    66.834749567208931
 35.395346546546541    66.757190438522599
 35.816719719719721    66.679946003010073
 36.238092892892894    66.603016260671453
 36.659466066066067    66.526401211506709
 37.080839239239246    66.450100855515771
 37.502212412412412    66.374115192698753
 37.923585585585585    66.298444223055597
 38.344958758758764    66.223087946586276
 38.766331931931930    66.148046363290831
 39.187705105105103    66.073319473169278
 39.609078278278282    65.998907276221530
 40.030451451451448    65.924809772447702
 40.451824624624621    65.851026961847694
 40.873197797797800    65.777558844421549
 41.294570970970966    65.704405420169309
 41.715944144144146    65.631566689090945
 42.137317317317319    65.558842165190072
 42.558690490490484    65.486075839351912
 42.980063663663664    65.413663129888747
 43.401436836836837    65.341604036800589
 43.822810010010002    65.269898560087469
 44.244183183183182    65.198546699749286
 44.665556356356355    65.127548455786140
 45.086929529529520    65.056903828197960
 45.508302702702700    64.986612816984817
 45.929675875875873    64.916675422146625
 46.351049049049045    64.847091643683498
 46.772422222222218    64.777861481595380
 47.193795395395391    64.708984935882185
 47.615168568568564    64.640462006544027
 48.036541741741736    64.572292693580891
 48.457914914914909    64.504476996992793
 48.879288088088089    64.437014916779617
 49.300661261261254    64.369906452941436
 49.722034434434427    64.303151605478320
 50.143407607607607    64.236750374390184
 50.564780780780779    64.170702759677013
 50.986153953953952    64.105008761338865
 51.407527127127132    64.039668379375755
 51.828900300300297    63.974681613787602
 52.250273473473477    63.910048464574430
 52.671646646646650    63.861771722424521
 53.093019819819816    63.925874647106653
 53.514392992992995    63.990342771522485
 53.935766166166168    64.055176095672167
 54.357139339339334    64.120374619555591
 54.778512512512513    64.185938343172708
 55.199885685685686    64.251867266523675
 55.621258858858852    64.318161389608420
 56.042632032032031    64.384820712426858
 56.464005205205204    64.451845234979103
 56.885378378378377    64.519234957265155
 57.306751551551550    64.586989879284928
 57.728124724724722    64.655110001038437
 58.149497897897895    64.723595322525796
 58.570871071071068    64.792445843746833
 58.992244244244240    64.861661564701748
 59.413617417417413    64.931242485390385
 59.834990590590586    65.001188605812757
 60.256363763763758    65.071499925968908
 60.677736936936931    65.142176445858880
 61.099110110110104    65.213218165482544
 61.520483283283276    65.284625084840002
 61.941856456456449    65.356397203931238
 62.363229629629622    65.428534522756252
 62.784602802802802    65.501037041315030
 63.205975975975974    65.573904759607515
 63.627349149149147    65.647137677633822
 64.048722322322320    65.720735795393963
 64.470095495495485    65.794699112887741
 64.891468668668665    65.869027630115355
 65.312841841841845    65.943721347076760
 65.734215015015010    66.018780263771902
 66.155588188188190    66.094204380200807
 66.576961361361342    66.169993696363477
 66.998334534534536    66.246148212259939
 67.419707707707701    66.323279932312261
 67.841080880880881    66.399333261867923
 68.262454054054047    66.476605694205404
 68.683827227227226    66.555295424171518
 69.105200400400378    66.634138885416533
 69.526573573573572    66.713136077940419
 69.947946746746737    66.792287001743205
 70.369319919919917    66.871591656824918
 70.790693093093083    66.951050043185461
 71.212066266266262    67.030662160824903
 71.633439439439442    67.110428009743259
 72.054812612612608    67.190347589940515
 72.476185785785788    67.270420901416657
 72.897558958958953    67.350647944171655
 73.318932132132133    67.431028718205567
 73.740305305305299    67.511563223518351
 74.161678478478493    67.592251460110035
 74.583051651651644    67.673093427980646
 75.004424824824824    67.754089127130086
 75.425797997997989    67.835238557558426
 75.847171171171169    67.916541719265680
 76.268544344344349    67.997998612251820
 76.689917517517529    68.079609236516873
 77.111290690690680    68.161373592060784
 77.532663863863860    68.243291678883594
 77.954037037037025    68.325363496985290
 78.375410210210205    68.407589046365842
 78.796783383383385    68.489968327025323
 79.218156556556565    68.572501338963718
 79.639529729729716    68.655188082180942
 80.060902902902896    68.738028556677136
 80.482276076076062    68.821022762452145
 80.903649249249241    68.904170699506054
 81.325022422422421    68.987472367838862
 81.746395595595601    69.070927767450613
 82.167768768768752    69.154536898341206
 82.589141941941932    69.238299760510657
 83.010515115115098    69.322216353959021
 83.431888288288292    69.406286678686300
 83.853261461461457    69.490510734692435
 84.274634634634637    69.574888521977499
 84.696007807807803    69.659420040541434
 85.117380980980968    69.744105290384255
 85.538754154154134    69.828944271505932
 85.960127327327328    69.913936983906581
 86.381500500500493    69.999083427586029
 86.802873673673673    70.084383602544435
 87.224246846846853    70.169837508781697
 87.645620020020004    70.255445146297873
 88.066993193193198    70.341206515092949
 88.488366366366364    70.427121615166911
 88.909739539539544    70.513190446519673
 89.331112712712709    70.599413009151391
 89.752485885885889    70.685789303062009
 90.173859059059041    70.772319328251484
 90.595232232232235    70.859003084719902
 91.016605405405400    70.945510866531251
 91.437978578578580    71.030962784669839
 91.859351751751745    71.116628624580784
 92.280724924924925    71.202508386264057
 92.702098098098091    71.288602069719630
 93.123471271271271    71.374909674947631
 93.544844444444436    71.461431201947988
 93.966217617617616    71.548166650720674
 94.387590790790782    71.635116021265702
 94.808963963963961    71.722279313583087
 95.230337137137127    71.809600214347910
 95.651710310310307    71.896527001079122
 96.073083483483472    71.983358002888338
 96.494456656656652    72.070093219775572
 96.915829829829818    72.156732651740882
 97.337203003003012    72.243276298784181
 97.758576176176177    72.329724160905513
 98.179949349349343    72.416076238104864
 98.601322522522509    72.502332530382262
 99.022695695695688    72.588493037737706
 99.444068868868854    72.674557760171126
 99.865442042042048    72.760526697682579
100.286815215215213    72.846399850272036
100.708188388388379    72.932177217939582
101.129561561561559    73.017858800685147
101.550934734734724    73.103444598508730
101.972307907907904    73.188934611410247
102.393681081081084    73.274328839389909
102.815054254254264    73.359627282447562
103.236427427427415    73.444829940583190
103.657800600600595    73.529936813796937
104.079173773773761    73.614947902088673
104.500546946946955    73.699863205458428
104.921920120120120    73.784682723906201
105.343293293293300    73.885953810979743
105.764666466466451    74.036782511157469
106.186039639639631    74.187533566226094
106.607412812812797    74.338206976185546
107.028785985985991    74.488802741035855
107.450159159159156    74.639320860777019
107.871532332332336    74.789761335409025
108.292905505505487    74.940124164931916
108.714278678678667    75.090409349345634
109.135651851851847    75.240616888650180
109.557025025025027    75.390746782845596
109.978398198198192    75.540799031931883
110.399771371371372    75.690773635908997
110.821144544544524    75.840670594776995
111.242517717717703    75.990489908535835
111.663890890890883    76.141077190724857
112.085264064064063    76.293878256595846
112.506637237237229    76.446831616325923
112.928010410410408    76.599937269915102
113.349383583583574    76.753195217363327
113.770756756756754    76.906605458670583
114.192129929929919    77.060167993837013
114.613503103103099    77.213882822862402
115.034876276276265    77.367749945746894
115.456249449449444    77.521769362490431
115.877622622622624    77.675941073093114
116.298995795795790    77.830265077554785
116.720368968968970    77.984741375875601
117.141742142142135    78.139369968055448
117.563115315315315    78.294150854094383
117.984488488488481    78.449084033992378
118.405861661661660    78.604169507749432
118.827234834834826    78.759407275365604
119.248608008008006    78.914797336840778
119.669981181181171    79.070339692175011
120.091354354354351    79.226034341368376
120.512727527527517    79.381881284420771
120.934100700700711    79.537880521332269
121.355473873873862    79.694032052102827
121.776847047047042    79.850335876732444
122.198220220220207    80.006791995221150
122.619593393393387    80.163400407568943
123.040966566566553    80.320161113775768
123.462339739739747    80.477074113841653
123.883712912912898    80.634139407766639
124.305086086086078    80.791356995550643
124.726459259259244    80.948726877193792
125.147832432432409    81.106249052695944
125.569205605605603    81.263923522057155
125.990578778778783    81.421750285277540
126.411951951951949    81.579493114973289
126.833325125125128    81.737032661325685
127.254698298298294    81.894648676881744
127.676071471471474    82.052341161641493
128.097444644644639    82.210110115604976
128.518817817817819    82.367955538772108
128.940190990990970    82.525877431142931
129.361564164164150    82.683875792717473
129.782937337337330    82.841950623495705
130.204310510510510    83.000101923477615
130.625683683683690    83.158329692663258
131.047056856856841    83.316633931052564
131.468430030030021    83.475014638645561
131.889803203203201    83.633471815442292
132.311176376376380    83.794241412943023
132.732549549549560    83.955301893012020
133.153922722722683    84.116268442247630
133.575295895895891    84.277141060649825
133.996669069069071    84.437919748218505
134.418042242242251    84.598604504953769
134.839415415415402    84.759195330855647
135.260788588588582    84.919692225923995
135.682161761761762    85.080095190158957
136.103534934934942    85.240404223560432
136.524908108108093    85.400619326128535
136.946281281281273    85.560740497863193
137.367654454454453    85.720767738764323
137.789027627627632    85.880701048832094
138.210400800800755    86.040540428066407
138.631773973973964    86.200285876467248
139.053147147147143    86.359937394034731
139.474520320320323    86.519494980768641
139.895893493493475    86.678958636669165
140.317266666666654    86.838328361736288
140.738639839839834    86.997604155969995
141.160013013013014    87.156786019370202
141.581386186186165    87.315873951936979
142.002759359359345    87.474867953670341
142.424132532532525    87.633768024570173
142.845505705705705    87.792574164636719
143.266878878878885    87.951257942260810
143.688252052052036    88.109891500744723
144.109625225225216    88.268528560848921
144.530998398398395    88.427169122573602
144.952371571571575    88.585813185918667
145.373744744744727    88.744460750884173
145.795117917917906    88.903111817470077
146.216491091091086    89.061766385676378
146.637864264264266    89.220424455503078
147.059237437437417    89.379086026950233
147.480610610610597    89.537751100017744
147.901983783783777    89.696419674705695
148.323356956956985    89.855091751014029
148.744730130130108    90.013767328942848
149.166103303303288    90.172446408492036
149.587476476476468    90.331128989661593
150.008849649649648    90.489815072451634
150.430222822822827    90.648504656862059
150.851595995995979    90.807197742892910
151.272969169169158    90.965244033896312
151.694342342342338    91.122752029264632
152.115715515515490    91.280011126316353
152.537088688688698    91.437021325051361
152.958461861861849    91.593782625469956
153.379835035035057    91.750295027571795
153.801208208208180    91.906558531357035
154.222581381381360    92.062573136825662
154.643954554554540    92.218338843977676
155.065327727727720    92.373855652813063
155.486700900900900    92.529060299571512
155.908074074074051    92.683911140585778
156.329447247247259    92.838430897471071
156.750820420420411    92.992619570227262
157.172193593593562    93.146477158854552
157.593566766766770    93.300003663352840
158.014939939939921    93.453108311610166
158.436313113113130    93.606094197148863
158.857686286286281    93.759277883305600
159.279059459459432    93.912659370080235
159.700432632632641    94.066238657472823
160.121805805805792    94.220015745483423
160.543178978979000    94.373990634111863
160.964552152152123    94.528163323358413
161.385925325325331    94.682533813222832
161.807298498498483    94.837102103705234
162.228671671671663    94.991868194805591
162.650044844844842    95.146832086523943
163.071418018017994    95.301993778860179
163.492791191191202    95.457353271814441
163.914164364364353    95.612910565386628
164.335537537537505    95.768665659576740
164.756910710710713    95.924618554384850
165.178283883883864    96.080769249810942
165.599657057057073    96.237117745854945
166.021030230230195    96.393664042516946
166.442403403403404    96.550408139796829
166.863776576576583    96.707350037694738
167.285149749749735    96.864489736210601
167.706522922922915    97.021827235344446
168.127896096096066    97.179362535096217
168.549269269269274    97.337095635465943
168.970642442442454    97.495026536453608
169.392015615615605    97.653155238059242
169.813388788788785    97.811481740282900
170.234761961961937    97.970006043124400
170.656135135135145    98.128728146583995
171.077508308308268    98.287648050661403
171.498881481481476    98.446765755356836
171.920254654654656    98.606081260670294
172.341627827827807    98.765594566601578
172.763001001000987    98.925305673150945
173.184374174174138    99.085214580318222
173.605747347347346    99.245321288103455
174.027120520520526    99.405625796506641
174.448493693693706    99.566128105527767
174.869866866866857    99.726873427103726
175.291240040040009    99.887577318718598
175.712613213213217   100.048214600346057
176.133986386386397   100.208785271986144
176.555359559559548   100.369289333638875
176.976732732732728   100.529726785304192
177.398105905905879   100.690097626982137
177.819479079079088   100.850401858672697
178.240852252252239   101.010639480375815
178.662225425425419   101.170810492091590
179.083598598598599   101.330914893819980
179.504971771771778   101.490952685561027
179.926344944944930   101.650923867314575
180.347718118118081   101.810828439080794
180.769091291291289   101.970666400859557
181.190464464464469   102.130437752651005
181.611837637637620   102.290142494455068
182.033210810810800   102.449780626271675
182.454583983983952   102.609352148101024
182.875957157157160   102.768857059942832
183.297330330330311   102.928295361797325
183.718703503503491   103.087667053664475
184.140076676676671   103.246972135544198
184.561449849849851   103.404102925144784
184.982823023023002   103.560597775084290
185.404196196196182   103.717050233081665
185.825569369369362   103.873460299136923
186.246942542542541   104.029827973250178
186.668315715715693   104.186153255421260
187.089688888888872   104.342436145650282
187.511062062062052   104.498676643937230
187.932435235235232   104.654874750282090
188.353808408408412   104.811030464684862
188.775181581581563   104.967143787145588
189.196554754754743   105.123214717664197
189.617927927927923   105.279243256240747
190.039301101101103   105.435229402875137
190.460674274274254   105.591173157567439
190.882047447447434   105.747074520317724
191.303420620620614   105.902933491125935
191.724793793793793   106.058750069992001
192.146166966966945   106.214524256915951
192.567540140140153   106.370256051897925
192.988913313313304   106.525945454937712
193.410286486486484   106.681592466035468
193.831659659659636   106.837197085191121
194.253032832832815   106.992759312404644
194.674406006006024   107.148279147676092
195.095779179179175   107.303756591005481
195.517152352352355   107.459191642392781
195.938525525525506   107.614584301837965
196.359898698698686   107.769934569341103
196.781271871871866   107.925242444902082
197.202645045045017   108.080507928521072
197.624018218218225   108.235731020197889
198.045391391391377   108.390911719932646
198.466764564564556   108.546050027725371
198.888137737737708   108.701145943575938
199.309510910910888   108.856199467484473
199.730884084084096   109.011210599450877
200.152257257257247   109.166179339475264
200.573630430430427   109.321105687557491
200.995003603603578   109.475989643697659
201.416376776776758   109.630831207895724
201.837749949949966   109.785630380151716
202.259123123123118   109.940387160465605
202.680496296296297   110.095101548837448
203.101869469469449   110.249773545267132
203.523242642642629   110.404403149754756
203.944615815815808   110.558990362300349
204.365988988988960   110.713535182903783
204.787362162162168   110.868037611565143
205.208735335335319   111.022497648284471
205.630108508508528   111.176915293061668
206.051481681681651   111.331290545896792
206.472854854854830   111.485623406789784
206.894228028028039   111.639913875740760
207.315601201201190   111.794056797691738
207.736974374374370   111.947728448662915
208.158347547547521   112.101141501842704
208.579720720720701   112.254295957231207
209.001093893893909   112.407191814828309
209.422467067067032   112.559829074634024
209.843840240240240   112.712207736648352
210.265213413413392   112.864327800871280
210.686586586586600   112.982874976673557
211.107959759759751   113.067906689479685
211.529332932932903   113.152756371727264
211.950706106106111   113.237424023416352
212.372079279279262   113.321909644546878
212.793452452452442   113.407268256619346
213.214825625625593   113.492820330069392
213.636198798798802   113.578349056672039
214.057571971971981   113.663854436427272
214.478945145145104   113.749336469335020
214.900318318318313   113.834795155395398
215.321691491491464   113.920230494608390
215.743064664664672   114.005642486973898
216.164437837837824   114.091031132492091
216.585811011010975   114.176396431162701
217.007184184184183   114.261738382985996
217.428557357357334   114.347056987961821
217.849930530530543   114.432352246090204
218.271303703703694   114.517624157371259
218.692676876876874   114.602872721804800
219.114050050050054   114.688097939390957
219.535423223223205   114.773299810129657
219.956796396396385   114.858478334021015
220.378169569569536   114.943633511064903
220.799542742742744   115.028765341261334
221.220915915915924   115.113873824610394
221.642289089089047   115.198958961112027
222.063662262262255   115.284020750766260
222.485035435435407   115.369059193573023
222.906408608608615   115.454074289532358
223.327781781781766   115.539066038644322
223.749154954954946   115.624034440908787
224.170528128128126   115.708979496325881
224.591901301301277   115.793901204895548
225.013274474474457   115.878799566617857
225.434647647647637   115.963674581492612
225.856020820820817   116.048526249520037
226.277393993993996   116.133354570699964
226.698767167167148   116.218159545032549
227.120140340340328   116.302941172517691
227.541513513513507   116.387699453155378
227.962886686686687   116.472434386945665
228.384259859859839   116.557145973888581
228.805633033033018   116.641834213983969
229.227006206206198   116.726499107232044
229.648379379379350   116.811140653632634
230.069752552552529   116.895758853185797
230.491125725725709   116.980353705891574
230.912498898898889   117.064925211749838
231.333872072072069   117.149473370760788
231.755245245245248   117.233998182924225
232.176618418418400   117.318499648240319
232.597991591591580   117.402977766709000
233.019364764764759   117.487432538330182
233.440737937937939   117.571863963104022
233.862111111111091   117.656272041030377
234.283484284284270   117.740656772109332
234.704857457457450   117.825483207215385
235.126230630630630   117.911669526254457
235.547603803803781   117.997903677553921
235.968976976976961   118.084185661113793
236.390350150150141   118.170515476933971
236.811723323323321   118.256893125014614
237.233096496496472   118.342467609138382
237.654469669669652   118.420538224105286
238.075842842842832   118.502255617079314
238.497216016016012   118.583666563561323
238.918589189189163   118.664532377274938
239.339962362362343   118.745143686011730
239.761335535535551   118.825522439934133
240.182708708708702   118.905668639042261
240.604081881881854   118.985582283336043
241.025455055055033   119.065263372815480
241.446828228228213   119.144711907480513
241.868201401401421   119.223927887331257
242.289574574574544   119.302911312367669
242.710947747747724   119.381662182589722
243.132320920920904   119.460180497997442
243.553694094094084   119.538466258590773
243.975067267267264   119.616519464369787
244.396440440440415   119.694340115334512
244.817813613613623   119.771928211484862
245.239186786786775   119.849283752820853
245.660559959959954   119.926406739342539
246.081933133133106   120.003297171049823
246.503306306306285   120.079955047942818
246.924679479479494   120.156380370021495
247.346052652652645   120.232573137285755
247.767425825825796   120.308533349735740
248.188798998998976   120.384261007371293
248.610172172172156   120.459756110192586
249.031545345345364   120.535018658199519
249.452918518518487   120.610048651392063
249.874291691691695   120.684846089770303
250.295664864864818   120.759410973334198
250.717038038038027   120.833743302083761
251.138411211211206   120.907843076018978
251.559784384384358   120.981710295139862
251.981157557557566   121.055344959446430
252.402530730730717   121.128747068938551
252.823903903903897   121.201916623616398
253.245277077077048   121.274853623479970
253.666650250250257   121.347558068529082
254.088023423423408   121.420029958763919
254.509396596596588   121.492269294184382
254.930769769769739   121.564276074790570
255.352142942942947   121.636050300582340
255.773516116116099   121.707591971559751
256.194889289289279   121.778901087722915
256.616262462462430   121.849977649071661
257.037635635635638   121.920821655606090
257.459008808808846   121.991433107326174
257.880381981981941   122.061812004231953
258.301755155155149   122.131903186557295
258.723128328328301   122.200712499917046
259.144501501501452   122.269141357739855
259.565874674674660   122.337189760025765
259.987247847847811   122.404857706774692
260.408621021021020   122.472145197986734
260.829994194194171   122.539052233661721
261.251367367367379   122.605578813799809
261.672740540540588   122.671724938400871
262.094113713713682   122.737490607465134
262.515486886886833   122.802875820992298
262.936860060060042   122.867880578982593
263.358233233233193   122.851629700775675
263.779606406406401   122.786507100752829
264.200979579579553   122.721045697029396
264.622352752752761   122.655245489605292
265.043725925925912   122.589106478480588
265.465099099099120   122.522628663655283
265.886472272272272   122.455812045129377
266.307845445445366   122.388656622902801
266.729218618618575   122.321162396975595
267.150591791791783   122.253329367347831
267.571964964964991   122.185157534019410
267.993338138138142   122.116646896990403
268.414711311311294   122.049279773234105
268.836084484484502   121.982638697441757
269.257457657657596   121.915557995355158
269.678830830830805   121.848037666974278
270.100204004004013   121.780077712299061
270.521577177177164   121.711678131329634
270.942950350350316   121.642838924066012
271.364323523523524   121.573560090508025
271.785696696696732   121.503841630655828
272.207069869869883   121.433683544509364
272.628443043042978   121.363085832068606
273.049816216216186   121.292048493333596
273.471189389389394   121.220571528304347
273.892562562562546   121.148654936980748
274.313935735735697   121.076298719363010
274.735308908908905   121.003502875450963
275.156682082082057   120.930267405244592
275.578055255255265   120.856592308743970
275.999428428428473   120.782477585949152
276.420801601601511   120.707923236860054
276.842174774774719   120.632929261476690
277.263547947947927   120.557495659798988
277.684921121121135   120.481622431827091
278.106294294294287   120.405309577560942
278.527667467467438   120.328557097000527
278.949040640640646   120.251364990145831
279.370413813813798   120.173733256996854
279.791786986986949   120.092880880284767
280.213160160160157   120.011400377303133
280.634533333333309   119.929987906182703
281.055906506506460   119.848643466923335
281.477279679679668   119.767367059525100
281.898652852852877   119.686158683988012
282.320026026026028   119.605018340311972
282.741399199199179   119.523946028497122
283.162772372372331   119.442941748543277
283.584145545545539   119.362005500450621
284.005518718718690   119.281137284219071
284.426891891891898   119.200337099848596
284.848265065065050   119.119604947339283
285.269638238238201   119.038940826691061
285.691011411411409   118.958344737903971
286.112384584584618   118.877816680977958
286.533757757757769   118.797356655913092
286.955130930930864   118.716964662709330
287.376504104104072   118.636640701366616
287.797877277277280   118.556384771885092
288.219250450450431   118.476196874264701
288.640623623623640   118.396077008505330
289.061996796796791   118.316025174607148
289.483369969969942   118.236041372570085
289.904743143143151   118.156125602394084
290.326116316316302   118.076277864079231
290.747489489489453   117.996498157625496
291.168862662662605   117.916786483032865
291.590235835835813   117.837142840301340
292.011609009009021   117.756902905757400
292.432982182182172   117.675375437382399
292.854355355355324   117.593594798882506
293.275728528528532   117.511560990257635
293.697101701701683   117.429274011507900
294.118474874874835   117.346733862633300
294.539848048048043   117.263940543633794
294.961221221221194   117.180894054509338
295.382594394394346   117.097594395260018
295.803967567567554   117.014041565885734
296.225340740740762   116.930235566386600
296.646713913913970   116.846176396762587
297.068087087087008   116.761864057013611
297.489460260260216   116.677298547139770
297.910833433433424   116.592479867140980
298.332206606606576   116.507408017017326
298.753579779779784   116.422082996768708
299.174952952952935   116.336504806395226
299.596326126126144   116.250673445896808
300.017699299299295   116.164588915273541
300.439072472472446   116.078251214525352
300.860445645645655   115.991660343652285
301.281818818818749   115.904816302654268
301.703191991991957   115.817719091531416
302.124565165165166   115.730368710283472
302.545938338338317   115.642765158910862
302.967311511511525   115.554908437413189
303.388684684684677   115.468215830739624
303.810057857857828   115.381713514680300
304.231431031030979   115.295114453403869
304.652804204204187   115.208418646910545
305.074177377377396   115.121626095200142
305.495550550550490   115.034736798272746
305.916923723723698   114.947750756128428
306.338296896896907   114.860667968767061
306.759670070070115   114.773488436188742
307.181043243243209   114.686212158393374
307.602416416416361   114.598839135380999
308.023789589589569   114.511369367151687
308.445162762762720   114.423802853705382
308.866535935935929   114.336139595042113
309.287909109109080   114.248379591161822
309.709282282282288   114.160522842064509
310.130655455455440   114.072569347750260
310.552028628628648   113.984519108218976
310.973401801801799   113.896372123470684
311.394774974974894   113.808128393505484
311.816148148148102   113.719799517270573
312.237521321321310   113.631593744921574
312.658894494494518   113.543576240342858
313.080267667667670   113.455747003534640
313.501640840840821   113.368106034496819
313.923014014014029   113.280653333229466
314.344387187187124   113.193388899732426
314.765760360360332   113.106312734005897
315.187133533533540   113.019424836049751
315.608506706706635   112.932725205864003
316.029879879879843   112.796751385065448
316.451253053053051   112.644333837271319
316.872626226226259   112.491939404518192
317.293999399399411   112.339568086806082
317.715372572572562   112.187219884135018
318.136745745745714   112.034894796504943
318.558118918918865   111.882592823915928
318.979492092092073   111.730313966367930
319.400865265265281   111.578058223860921
319.822238438438433   111.425825596394944
320.243611611611584   111.273616083970040
320.664984784784792   111.121429686586083
321.086357957958000   110.969266404243200
321.507731131131095   110.817126236941320
321.929104304304246   110.665009184680457
322.350477477477455   110.512915247460640
322.771850650650663   110.360844425281783
323.193223823823814   110.208796718144001
323.614596996996966   110.056772126047250
324.035970170170174   109.904770648991473
324.457343343343325   109.752792286976756
324.878716516516477   109.600837040003029
325.300089689689685   109.448904908070332
325.721462862862779   109.296995891178668
326.142836036035987   109.145109989328034
326.564209209209196   108.993247202518390
326.985582382382404   108.841407530749763
327.406955555555555   108.689590974022167
327.828328728728707   108.537797532335617
328.249701901901858   108.386027205690056
328.671075075075009   108.230280796114215
329.092448248248218   108.073347878499433
329.513821421421426   107.916406294899616
329.935194594594577   107.759456045314764
330.356567767767729   107.602497129744947
330.777940940940937   107.445529548190052
331.199314114114145   107.288553300650207
331.620687287287240   107.131568387125213
332.042060460460391   106.974574807615269
332.463433633633599   106.817572562120247
332.884806806806807   106.660561650640247
333.306179979979959   106.503542073175183
333.727553153153167   106.346513829725183
334.148926326326318   106.189476920290105
334.570299499499470   106.032431344870005
334.991672672672678   105.875377103464842
335.413045845845829   105.717848190362147
335.834419019019037   105.559947024596170
336.255792192192132   105.402014408221788
336.677165365365340   105.244050341239159
337.098538538538548   105.086054823648311
337.519911711711700   104.928027855449173
337.941284884884908   104.769969436641773
338.362658058058059   104.611879567226055
338.784031231231211   104.453758247202231
339.205404404404362   104.295605476569989
339.626777577577570   104.137421255329457
340.048150750750779   103.979205583480791
340.469523923923873   103.820958461023736
340.890897097097081   103.662679887958490
341.312270270270290   103.504369864284939
341.733643443443441   103.346028390003099
342.155016616616535   103.187655465112996
342.576389789789744   103.029251089614661
342.997762962962952   102.870815263508021
343.419136136136103   102.712347986793162
343.840509309309311   102.553849259470041
344.261882482482463   102.395319081538517
344.683255655655614   102.236757452998845
345.104628828828822   102.078164373850868
345.526002002001974   101.919539844094672
345.947375175175182   101.760883863730143
346.368748348348277   101.602196432757353
346.790121521521485   101.443477551176301
347.211494694694693   101.284727218987044
347.632867867867844   101.125945436189426
348.054241041041053   100.967132202783560
348.475614214214204   100.808287518769461
348.896987387387412   100.649411384147058
349.318360560560507   100.490503798916464
349.739733733733715   100.331564763077509
350.161106906906923   100.172594276630335
350.582480080080018   100.013592339574870
351.003853253253226    99.854558951911159
351.425226426426434    99.695494113639157
351.846599599599642    99.536397824758879
352.267972772772794    99.377270085270396
352.689345945945888    99.218110895173510
353.110719119119096    99.058920254468489
353.532092292292248    98.899698163155151
353.953465465465456    98.740444621233522
354.374838638638664    98.581159628703674
354.796211811811759    98.421843185565493
355.217584984984967    98.262495291819093
355.638958158158175    98.103115947464403
356.060331331331327    97.943705152501479
356.481704504504478    97.784262906930266
356.903077677677629    97.624789210750805
357.324450850850837    97.465284063963011
357.745824024023989    97.305747466566942
358.167197197197197    97.146179418562681
358.588570370370348    96.985125626946115
359.009943543543557    96.823692391897097
359.431316716716651    96.662092061081935
359.852689889889859    96.500324634500743
360.274063063063068    96.340012659015585
360.695436236236162    96.185950531906414
361.116809409409370    96.029275079574276
361.538182582582579    95.873440342346143
361.959555755755787    95.717897003096112
362.380928928928938    95.562538264085106
362.802302102102090    95.407364125313123
363.223675275275241    95.252374586780149
363.645048448448392    95.097569648486257
364.066421621621600    94.942949310431274
364.487794794794809    94.788513572615315
364.909167967967903    94.634262435038423
365.330541141141111    94.480195897700497
365.751914314314320    94.326313960601667
366.173287487487528    94.172616623741774
366.594660660660622    94.019103887120892
367.016033833833774    93.865775750739061
367.437407007006982    93.712632214596255
367.858780180180133    93.559673278692429
368.280153353353342    93.406898943027628
368.701526526526550    93.254584527863884
369.122899699699701    93.102006038124799
369.544272872872853    92.949091608592340
369.965646046046004    92.795841239266608
370.387019219219212    92.642254930147487
370.808392392392363    92.488332681235050
371.229765565565515    92.334074492529254
371.651138738738723    92.179480364030098
372.072511911911931    92.024550295737640
372.493885085085083    91.869284287651766
372.915258258258291    91.713682339772660
373.336631431431385    91.557744452100124
373.758004604604537    91.401470624634285
374.179377777777745    91.244860857375102
374.600750950950953    91.087915150322587
375.022124124124105    90.930633503476699
375.443497297297256    90.773015916837466
375.864870470470464    90.615062390404916
376.286243643643672    90.456772924178992
376.707616816816824    90.298147518159752
377.128989989989918    90.139186172347166
377.550363163163127    89.979888886741264
377.971736336336278    89.820255661341974
378.393109509509486    89.660286496149396
378.814482682682694    89.499981391163431
379.235855855855846    89.340455595710068
379.657229029028997    89.181045424254677
380.078602202202205    89.021633072140887
380.499975375375357    88.862218539368584
380.921348548548508    88.702801825937811
381.342721721721659    88.543382931848626
381.764094894894868    88.383961857100914
382.185468068068076    88.224538601694746
382.606841241241227    88.065113165630095
383.028214414414435    87.905685548907030
383.449587587587587    87.746255751525439
383.870960760760681    87.586823773485392
384.292333933933890    87.427389614786904
384.713707107107098    87.267953275429974
385.135080280280306    87.108702110920873
385.556453453453400    86.950707576623685
385.977826626626609    86.792612503860340
386.399199799799817    86.634416892630910
386.820572972972968    86.476120742935393
387.241946146146120    86.317724054773691
387.663319319319271    86.159226828145847
388.084692492492479    86.000629063051932
388.506065665665631    85.841930759491902
388.927438838838839    85.683131917465687
389.348812012012047    85.524232536973415
389.770185185185142    85.365232618015014
390.191558358358350    85.206132160590471
390.612931531531501    85.046931164699828
391.034304704704709    84.887629630343056
391.455677877877804    84.728227557520142
391.877051051051012    84.568724946231129
392.298424224224220    84.409121796475986
392.719797397397372    84.249418108254730
393.141170570570580    84.089613881567331
393.562543743743731    83.928366789289129
393.983916916916883    83.767317082512463
394.405290090090034    83.606503416877743
394.826663263263242    83.445925792385140
395.248036436436450    83.285584209034468
395.669409609609545    83.125478666825799
396.090782782782753    82.965609165759176
396.512155955955961    82.805975705834527
396.933529129129113    82.646578287051867
397.354902302302321    82.487416909411181
397.776275475475416    82.328491572912512
398.197648648648624    82.169802277555902
398.619021821821775    82.011349023341268
399.040394994994983    81.853131810268607
399.461768168168192    81.695926746995994
399.883141341341286    81.539402126948744
400.304514514514494    81.382951632715560
400.725887687687703    81.226575264296429
401.147260860860854    81.070273021691349
401.568634034034005    80.914044904900393
401.990007207207157    80.757890913923490
402.411380380380365    80.601811048760666
402.832753553553516    80.445805309411938
403.254126726726724    80.289873695877262
403.675499899899933    80.134016208156623
404.096873073073027    79.978232846250123
404.518246246246235    79.822523610157702
404.939619419419387    79.666888499879335
405.360992592592595    79.511327515415076
405.782365765765746    79.355840656764826
406.203738938938898    79.200427923928643
406.625112112112106    79.045089316906569
407.046485285285257    78.889824835698604
407.467858458458466    78.734634480304706
407.889231631631617    78.579518250724831
408.310604804804768    78.424476146959080
408.731977977977920    78.269508169007395
409.153351151151128    78.114614316869734
409.574724324324336    77.959794590546196
409.996097497497431    77.805048990036724
410.417470670670639    77.650377515341347
410.838843843843847    77.495780166460023
411.260217017017055    77.341256943392779
411.681590190190150    77.187716210572276
412.102963363363301    77.035823244770327
412.524336536536509    76.883920713100707
412.945709709709661    76.732008615563402
413.367082882882869    76.580086952158283
413.788456056056077    76.428155722885478
414.209829229229229    76.276214927744931
414.631202402402380    76.124264566736684
415.052575575575531    75.972304639860681
415.473948748748739    75.820335147116907
415.895321921921891    75.668356088505448
416.316695095095042    75.516367464026274
416.738068268268250    75.364369273679344
417.159441441441402    75.212361517464700
417.580814614614610    75.060344195382314
418.002187787787818    74.908317307432227
418.423560960960913    74.756280853614385
418.844934134134064    74.604234833928814
419.266307307307272    74.452179248375543
419.687680480480481    74.300114096954545
420.109053653653632    74.148039379665818
420.530426826826783    73.995955096509320
420.951799999999992    73.843861247485137
